$ANSIBLE_VAULT;1.1;AES256
39326166303338366437653962303933383165343432633862633262376566653662633236313335
3933313563373533613863316638323331343365613863370a326336313335663135376361653561
63656433323866663631396366393235326532356230373330326465663836616361363861653633
6366663634643738360a333437366338386239653634613564636234323466346562346639663761
39333535366239646664316664363561353165616432353764333538653236303561373733323962
30313437623434663766383537303639336537626530646538316263303265623032663063303432
37643433613764316161306339626639656266646664386565383266383137663265613533363737
32323634383564333831663031383631346331353764636462383538313634633238356533616166
33633565393633306433623265326633366631663232626162613137666238393566353935353835
64336238633938373966663535353434346266613838306133336136333638366264303833613739
39313466333934656364386237643061383733303563366339653961326231376161366462346134
39333530363339656337643235623362393334393835373432613439643961376563616662333235
38626532363839383136303438326662356537366562623531333035363166643136623933323731
62653831333532366130623639353230373661333536623536666161363366363464636230373962
38383465666265353137303263643863636431613961333430386133643530326235623862346139
65663538356538373661393535316137336336653636353733613634363666646163383038393661
35383137363133376138343533323930633330366136346237316664633061316231633462313538
65363565313363383365383634666266386661626465393731363565386433626139643834383931
62383665333066343936343233633766383530363331616339623837313063386161336236633637
33663838613837616330373034306262666434366262313862613732623637633634656366303365
32636636353138346366666337626439336161623165333266343834366334393865346335643437
62616239633562373137656136633931656532346333333663336133363865663136613762306438
33613133323135663561316434313434316465656333326535633135303436326662656666306136
66653766343835653661633030623236353832623962303536316561303263663433393332646265
32643637646434356130636133636439313865376332303766636639333765393739326435383733
6131316638313238636132643864363337613839616665376234
